


idx : 683
graph {
  0
  1
  2
  3
  4
  5
  6
  7
  8
  9
  10
  11
  12
  13
  14
  15
  16
  17
  18
  19
  20
  21
  22
  23
  24
  25
  26
  27
  28
  29
  30
  31
  32
  33
  34
  35
  36
  37
  38
  39
  40
  41
  42
  43
  44
  45
  46
  47
  48
  49
  50
  51
  52
  53
  54
  55
  56
  57
  58
  59
  60
  61
61 -- 43
  62
  63
  64
  65
65 -- 27
  66
  67
67 -- 41
  68
  69
69 -- 37
  70
70 -- 69
  71
  72
  73
  74
  75
  76
  77
  78
  79
  80
80 -- 58
  81
  82
82 -- 57
  83
  84
  85
  86
86 -- 84
  87
  88
  89
89 -- 48
  90
  91
  92
  93
  94
  95
  96
  97
97 -- 38
  98
  99
  100
  101
101 -- 97
101 -- 60
  102
  103
  104
  105
  106
106 -- 66
  107
  108
108 -- 53
  109
  110
  111
  112
  113
113 -- 72
  114
114 -- 71
  115
  116
  117
  118
  119
  120
  121
  122
  123
123 -- 41
  124
124 -- 21
  125
125 -- 122
  126
126 -- 119
  127
127 -- 26
  128
  129
  130
  131
131 -- 29
  132
132 -- 95
  133
  134
134 -- 111
134 -- 44
  135
135 -- 19
  136
  137
137 -- 46
  138
138 -- 110
  139
139 -- 83
  140
  141
  142
142 -- 116
  143
143 -- 56
  144
144 -- 139
  145
145 -- 120
  146
146 -- 140
  147
147 -- 20
  148
  149
149 -- 54
  150
  151
  152
  153
  154
  155
  156
  157
  158
  159
159 -- 112
159 -- 138
  160
  161
  162
162 -- 18
  163
  164
  165
165 -- 53
  166
  167
  168
168 -- 158
  169
  170
170 -- 75
  171
  172
172 -- 76
  173
  174
  175
  176
  177
  178
  179
179 -- 54
  180
180 -- 26
180 -- 64
  181
  182
182 -- 56
  183
183 -- 72
  184
184 -- 154
184 -- 83
  185
  186
186 -- 181
  187
187 -- 164
  188
  189
  190
190 -- 99
  191
  192
192 -- 150
  193
193 -- 88
  194
  195
  196
  197
197 -- 48
  198
198 -- 51
  199
199 -- 178
  200
200 -- 30
200 -- 23
  201
  202
202 -- 87
  203
203 -- 32
203 -- 199
  204
204 -- 38
  205
205 -- 77
  206
206 -- 171
  207
207 -- 107
207 -- 202
  208
208 -- 94
  209
209 -- 130
  210
210 -- 155
210 -- 196
  211
  212
  213
  214
  215
215 -- 153
  216
216 -- 197
  217
217 -- 84
  218
218 -- 32
  219
219 -- 95
  220
220 -- 82
  221
221 -- 27
221 -- 40
  222
  223
223 -- 61
  224
224 -- 21
224 -- 173
  225
225 -- 49
  226
  227
  228
  229
229 -- 45
  230
  231
  232
  233
  234
  235
235 -- 80
  236
  237
  238
238 -- 162
  239
239 -- 133
239 -- 228
  240
240 -- 44
  241
241 -- 118
241 -- 201
  242
242 -- 117
  243
243 -- 154
  244
  245
245 -- 136
245 -- 130
  246
246 -- 175
246 -- 237
  247
  248
  249
249 -- 225
  250
250 -- 19
250 -- 68
  251
  252
252 -- 45
  253
253 -- 196
  254
254 -- 241
254 -- 168
  255
255 -- 30
  256
256 -- 136
  257
257 -- 29
257 -- 128
  258
258 -- 66
258 -- 77
  259
259 -- 25
  260
260 -- 46
  261
  262
  263
263 -- 31
  264
264 -- 109
  265
  266
  267
267 -- 209
  268
268 -- 261
268 -- 40
  269
269 -- 214
  270
270 -- 230
  271
271 -- 91
  272
272 -- 248
272 -- 89
  273
273 -- 177
273 -- 163
  274
274 -- 123
  275
275 -- 129
  276
  277
277 -- 233
  278
278 -- 189
278 -- 223
  279
279 -- 117
279 -- 263
  280
280 -- 247
  281
281 -- 88
  282
282 -- 178
  283
283 -- 270
  284
284 -- 103
284 -- 85
  285
285 -- 98
285 -- 65
  286
286 -- 157
  287
287 -- 115
  288
288 -- 81
  289
289 -- 189
  290
290 -- 22
  291
291 -- 262
291 -- 96
  292
292 -- 76
292 -- 243
  293
293 -- 25
  294
294 -- 102
294 -- 92
  295
295 -- 175
  296
296 -- 96
  297
297 -- 214
297 -- 37
  298
298 -- 131
  299
  300
  301
301 -- 22
301 -- 281
  302
  303
303 -- 73
  304
  305
305 -- 298
  306
306 -- 193
306 -- 204
  307
307 -- 228
307 -- 148
  308
308 -- 222
  309
309 -- 283
  310
310 -- 143
  311
311 -- 105
311 -- 167
  312
312 -- 220
312 -- 185
  313
  314
  315
315 -- 179
  316
316 -- 155
  317
  318
318 -- 63
  319
319 -- 267
  320
320 -- 229
320 -- 252
  321
321 -- 186
  322
  323
  324
324 -- 235
  325
325 -- 50
  326
326 -- 148
  327
327 -- 124
  328
328 -- 208
  329
329 -- 128
  330
330 -- 317
330 -- 91
  331
  332
332 -- 74
  333
333 -- 234
333 -- 170
  334
334 -- 299
334 -- 162
  335
  336
336 -- 212
  337
337 -- 59
337 -- 227
  338
338 -- 304
  339
339 -- 328
339 -- 176
  340
340 -- 183
340 -- 264
  341
341 -- 253
341 -- 87
  342
342 -- 149
  343
343 -- 212
343 -- 121
  344
344 -- 275
  345
  346
346 -- 42
346 -- 261
  347
347 -- 299
  348
348 -- 216
348 -- 335
  349
349 -- 33
349 -- 290
  350
350 -- 167
  351
351 -- 192
351 -- 114
  352
352 -- 129
  353
353 -- 185
353 -- 251
  354
354 -- 232
  355
355 -- 94
  356
356 -- 240
  357
357 -- 211
357 -- 111
  358
358 -- 90
  359
359 -- 81
359 -- 39
  360
360 -- 282
360 -- 98
  361
361 -- 219
361 -- 35
  362
362 -- 177
  363
363 -- 237
  364
364 -- 60
  365
365 -- 141
  366
366 -- 156
  367
367 -- 356
367 -- 362
  368
368 -- 271
  369
369 -- 318
  370
370 -- 43
370 -- 336
  371
371 -- 226
371 -- 327
  372
  373
  374
374 -- 342
374 -- 172
  375
375 -- 329
  376
376 -- 104
376 -- 259
  377
377 -- 369
377 -- 232
  378
378 -- 169
  379
  380
  381
381 -- 305
  382
382 -- 277
382 -- 191
  383
383 -- 173
383 -- 52
  384
384 -- 211
  385
385 -- 205
  386
386 -- 280
  387
387 -- 213
  388
388 -- 352
388 -- 381
  389
389 -- 222
389 -- 321
  390
390 -- 323
390 -- 104
  391
391 -- 153
391 -- 33
  392
392 -- 316
  393
393 -- 350
393 -- 86
  394
394 -- 286
394 -- 201
  395
395 -- 161
395 -- 20
  396
  397
397 -- 24
397 -- 194
  398
398 -- 372
  399
399 -- 322
399 -- 244
  400
400 -- 314
  401
401 -- 319
401 -- 304
  402
402 -- 174
402 -- 47
  403
403 -- 100
403 -- 107
  404
404 -- 345
404 -- 233
  405
  406
406 -- 23
406 -- 102
  407
  408
408 -- 198
  409
409 -- 65
409 -- 218
  410
410 -- 373
  411
411 -- 108
  412
412 -- 163
412 -- 135
  413
413 -- 120
413 -- 40
  414
414 -- 407
414 -- 313
  415
415 -- 141
415 -- 63
  416
416 -- 380
416 -- 260
  417
417 -- 147
417 -- 127
  418
418 -- 238
418 -- 18
  419
419 -- 87
419 -- 105
  420
420 -- 217
  421
421 -- 99
421 -- 145
  422
422 -- 314
  423
423 -- 220
  424
424 -- 62
  425
425 -- 166
425 -- 215
  426
426 -- 115
  427
427 -- 331
427 -- 347
  428
428 -- 326
  429
429 -- 36
429 -- 103
  430
430 -- 133
  431
431 -- 385
  432
432 -- 411
432 -- 422
  433
433 -- 338
  434
434 -- 64
434 -- 262
  435
435 -- 57
  436
436 -- 315
  437
437 -- 68
437 -- 119
  438
438 -- 62
438 -- 405
  439
439 -- 302
439 -- 423
  440
440 -- 71
440 -- 355
  441
441 -- 378
441 -- 408
  442
442 -- 293
442 -- 435
  443
443 -- 375
  444
444 -- 236
444 -- 158
  445
445 -- 249
  446
446 -- 144
446 -- 317
  447
447 -- 116
  448
448 -- 195
448 -- 231
  449
449 -- 292
449 -- 323
  450
450 -- 52
  451
451 -- 325
451 -- 379
  452
452 -- 110
452 -- 187
  453
453 -- 234
  454
454 -- 160
  455
455 -- 157
  456
  457
457 -- 300
457 -- 392
  458
458 -- 35
458 -- 36
  459
459 -- 122
459 -- 190
  460
460 -- 420
460 -- 398
  461
461 -- 132
  462
462 -- 142
462 -- 265
  463
463 -- 28
  464
464 -- 140
464 -- 300
  465
465 -- 195
  466
466 -- 465
  467
467 -- 78
467 -- 396
  468
468 -- 405
468 -- 90
  469
469 -- 182
469 -- 79
  470
470 -- 274
470 -- 24
  471
471 -- 276
  472
472 -- 265
  473
473 -- 85
473 -- 447
  474
474 -- 201
474 -- 118
  475
475 -- 55
475 -- 418
  476
476 -- 231
476 -- 308
  477
477 -- 396
477 -- 175
  478
478 -- 463
478 -- 166
  479
479 -- 332
479 -- 174
  480
480 -- 93
  481
481 -- 276
  482
482 -- 160
482 -- 288
  483
483 -- 431
  484
484 -- 79
484 -- 309
  485
485 -- 93
  486
486 -- 151
486 -- 226
  487
487 -- 324
  488
488 -- 78
488 -- 331
  489
489 -- 227
489 -- 373
  490
490 -- 358
490 -- 485
  491
491 -- 481
491 -- 247
  492
492 -- 354
492 -- 146
  493
493 -- 303
493 -- 426
  494
494 -- 113
  495
495 -- 121
495 -- 289
  496
496 -- 471
  497
497 -- 213
497 -- 322
  498
498 -- 188
498 -- 433
  499
499 -- 436
499 -- 164
  500
500 -- 368
500 -- 112
  501
501 -- 443
501 -- 430
  502
502 -- 236
502 -- 455
  503
503 -- 181
503 -- 67
  504
504 -- 456
504 -- 74
  505
505 -- 126
505 -- 424
  506
506 -- 363
506 -- 496
  507
507 -- 450
  508
508 -- 47
508 -- 150
  509
509 -- 313
509 -- 151
  510
510 -- 372
510 -- 365
  511
511 -- 109
511 -- 407
  512
512 -- 379
512 -- 454
  513
513 -- 70
513 -- 302
  514
514 -- 483
514 -- 494
  515
515 -- 472
515 -- 380
  516
516 -- 178
516 -- 345
  517
517 -- 410
517 -- 387
  518
518 -- 230
518 -- 188
  519
519 -- 92
519 -- 256
  520
520 -- 50
  521
521 -- 18
521 -- 248
  522
522 -- 296
522 -- 461
  523
523 -- 244
523 -- 161
  524
524 -- 34
524 -- 269
  525
525 -- 366
525 -- 78
  526
526 -- 386
526 -- 295
  527
527 -- 487
527 -- 520
  528
528 -- 507
528 -- 400
  529
529 -- 165
529 -- 106
  530
530 -- 480
530 -- 28
  531
531 -- 335
531 -- 169
  532
532 -- 51
532 -- 55
  533
533 -- 176
533 -- 59
  534
534 -- 137
534 -- 466
  535
535 -- 428
535 -- 344
  536
536 -- 251
536 -- 152
  537
537 -- 364
537 -- 58
  538
538 -- 194
538 -- 456
  539
539 -- 43
539 -- 75
  540
  541
  542
  543
  544
  545
  546
546 -- 544
  547
547 -- 545
  548
548 -- 546
  549
549 -- 547
  550
550 -- 548
  551
551 -- 549
  552
552 -- 550
  553
553 -- 551
  554
  555
  556
556 -- 554
  557
557 -- 555
  558
558 -- 556
  559
559 -- 557
  560
560 -- 558
  561
561 -- 559
  562
562 -- 560
  563
563 -- 561
  564
564 -- 7
  565
565 -- 10
565 -- 540
  566
566 -- 564
566 -- 8
  567
567 -- 540
  568
568 -- 7
  569
569 -- 5
  570
  571
  572
  573
  574
  575
  576
576 -- 1
  577
  578
578 -- 2
  579
  580
  581
  582
  583
  584
  585
  586
  587
  588
  589
  590
  591
  592
  593
  594
  595
  596
  597
  598
  599
  600
  601
  602
  603
  604
  605
  606
  607
  608
608 -- 120
608 -- 445
  609
  610
  611
  612
  613
  614
  615
  616
  617
617 -- 14
  618
618 -- 617
  619
619 -- 618
  620
620 -- 619
620 -- 13
  621
621 -- 13
  622
622 -- 621
  623
623 -- 622
  624
624 -- 623
624 -- 15
  625
625 -- 15
  626
626 -- 625
  627
627 -- 626
  628
628 -- 627
628 -- 16
  629
629 -- 16
  630
630 -- 629
  631
631 -- 630
  632
632 -- 631
632 -- 14
  633
  634
  635
  636
636 -- 575
636 -- 569
  637
  638
638 -- 310
  639
639 -- 39
639 -- 638
  640
  641
641 -- 13
  642
642 -- 545
642 -- 544
  643
643 -- 12
643 -- 641
  644
644 -- 16
  645
645 -- 640
645 -- 14
  646
646 -- 12
  647
  648
648 -- 0
  649
  650
  651
651 -- 9
  652
652 -- 650
652 -- 640
  653
653 -- 567
653 -- 650
  654
654 -- 649
  655
655 -- 651
655 -- 649
  656
656 -- 6
  657
657 -- 656
  658
658 -- 6
658 -- 568
  659
659 -- 4
659 -- 12
  660
660 -- 4
  661
661 -- 4
661 -- 657
  662
662 -- 4
  663
663 -- 11
663 -- 662
  664
664 -- 648
664 -- 3
  665
665 -- 3
665 -- 660
  666
666 -- 577
666 -- 2
  667
  668
668 -- 667
  669
669 -- 668
  670
670 -- 669
670 -- 667
  671
  672
672 -- 671
  673
673 -- 654
673 -- 646
  674
674 -- 578
  675
675 -- 576
  676
676 -- 304
676 -- 188
  677
  678
  679
679 -- 674
679 -- 675
  680
680 -- 644
680 -- 575
  681
  682
}
